  1 9.99 5.65 6.68 6.79 5.61 3.65 3.32 5.15 3.23 5.61 7.37 4.08 3.66 5.65 4.37 5.25 4.14 6.24 6.61 4.51 4.01 4.04 2.68 3.44 4.27 2.83 3.37 4.93 2.39 4.80
  2 5.65 9.99 3.76 5.93 2.94 5.32 2.77 3.89 3.15 6.54 5.55 5.34 4.62 7.11 5.08 4.89 5.06 5.86 4.96 5.21 5.62 2.68 3.07 2.55 5.68 6.08 4.62 3.77 3.37 6.55
  3 6.68 3.76 9.99 6.79 6.63 3.08 4.42 5.18 3.75 3.62 6.27 3.45 4.82 4.11 3.34 5.73 5.73 4.87 5.79 3.17 3.72 3.25 3.27 4.41 4.54 3.70 3.21 3.72 2.66 3.69
  4 6.79 5.93 6.79 9.99 6.03 4.01 3.93 4.65 3.34 4.10 7.28 4.55 5.65 5.58 4.52 6.15 4.76 6.24 6.10 3.56 5.01 4.13 2.79 3.25 4.07 3.69 3.96 3.20 2.28 4.99
  5 5.61 2.94 6.63 6.03 9.99 2.49 4.73 3.61 3.39 3.45 5.56 3.03 3.85 3.70 5.08 4.79 3.14 4.86 4.97 2.90 3.20 4.34 3.00 3.90 4.17 3.08 4.31 4.24 2.63 2.69
  6 3.65 5.32 3.08 4.01 2.49 9.99 3.21 3.15 2.32 3.93 4.82 7.92 4.06 5.42 3.28 3.96 4.37 3.21 4.01 3.20 7.00 2.37 4.08 2.87 3.21 4.48 4.01 3.70 2.45 5.51
  7 3.32 2.77 4.42 3.93 4.73 3.21 9.99 5.70 3.79 2.61 3.94 3.28 4.56 3.83 2.59 4.73 4.32 3.11 5.48 2.80 3.21 2.99 4.27 5.90 2.77 3.51 2.96 3.37 2.68 2.69
  8 5.15 3.89 5.18 4.65 3.61 3.15 5.70 9.99 5.54 3.11 4.82 2.89 4.44 4.51 2.61 5.55 6.63 3.34 5.51 2.76 3.39 2.17 3.25 5.97 3.34 4.07 2.70 2.49 2.97 3.20
  9 3.23 3.15 3.75 3.34 3.39 2.32 3.79 5.54 9.99 3.73 3.15 2.37 4.48 3.00 2.90 4.00 4.49 2.89 3.56 2.85 3.00 2.13 4.14 4.42 4.31 4.32 3.01 2.10 5.48 2.24
 10 5.61 6.54 3.62 4.10 3.45 3.93 2.61 3.11 3.73 9.99 4.17 3.61 4.55 5.86 5.39 4.32 4.55 5.76 5.37 6.42 4.79 2.30 3.76 2.90 6.96 4.42 4.94 3.73 3.85 5.56
 11 7.37 5.55 6.27 7.28 5.56 4.82 3.94 4.82 3.15 4.17 9.99 5.46 4.63 5.85 3.38 5.27 4.14 5.45 6.48 3.65 5.01 3.80 3.03 3.46 3.15 2.92 3.34 4.56 2.31 4.90
 12 4.08 5.34 3.45 4.55 3.03 7.92 3.28 2.89 2.37 3.61 5.46 9.99 3.56 5.77 3.37 3.73 3.75 4.18 4.32 2.86 6.90 2.37 2.96 2.66 2.92 3.92 3.45 4.42 2.10 5.27
 13 3.66 4.62 4.82 5.65 3.85 4.06 4.56 4.44 4.48 4.55 4.63 3.56 9.99 5.11 3.23 7.25 5.72 4.28 4.58 3.94 4.66 2.69 3.96 4.21 4.48 5.23 3.28 2.59 3.23 4.65
 14 5.65 7.11 4.11 5.58 3.70 5.42 3.83 4.51 3.00 5.86 5.85 5.77 5.11 9.99 4.35 5.10 5.82 5.41 5.75 4.32 6.83 3.08 3.08 3.62 4.82 5.44 4.00 3.72 2.86 5.32
 15 4.37 5.08 3.34 4.52 5.08 3.28 2.59 2.61 2.90 5.39 3.38 3.37 3.23 4.35 9.99 3.34 3.10 6.79 4.21 3.21 3.08 3.86 3.18 2.44 5.49 4.08 7.20 6.38 2.56 2.83
 16 5.25 4.89 5.73 6.15 4.79 3.96 4.73 5.55 4.00 4.32 5.27 3.73 7.25 5.10 3.34 9.99 5.92 5.31 5.08 3.61 4.90 2.30 3.54 4.13 5.07 4.42 3.15 2.92 3.54 4.42
 17 4.14 5.06 5.73 4.76 3.14 4.37 4.32 6.63 4.49 4.55 4.14 3.75 5.72 5.82 3.10 5.92 9.99 4.07 5.54 3.61 4.66 2.10 3.85 4.56 4.34 5.39 3.06 2.83 4.04 3.77
 18 6.24 5.86 4.87 6.24 4.86 3.21 3.11 3.34 2.89 5.76 5.45 4.18 4.28 5.41 6.79 5.31 4.07 9.99 5.59 4.24 3.32 4.14 3.04 2.92 5.13 3.80 5.59 4.90 2.52 3.90
 19 6.61 4.96 5.79 6.10 4.97 4.01 5.48 5.51 3.56 5.37 6.48 4.32 4.58 5.75 4.21 5.08 5.54 5.59 9.99 4.31 4.73 3.17 3.35 5.13 4.79 3.61 3.87 5.11 2.68 3.97
 20 4.51 5.21 3.17 3.56 2.90 3.20 2.80 2.76 2.85 6.42 3.65 2.86 3.94 4.32 3.21 3.61 3.61 4.24 4.31 9.99 3.85 2.00 3.82 2.83 5.34 4.20 4.00 3.58 2.65 5.83
 21 4.01 5.62 3.72 5.01 3.20 7.00 3.21 3.39 3.00 4.79 5.01 6.90 4.66 6.83 3.08 4.90 4.66 3.32 4.73 3.85 9.99 2.28 3.06 2.90 4.39 4.69 3.03 3.21 3.03 6.68
 22 4.04 2.68 3.25 4.13 4.34 2.37 2.99 2.17 2.13 2.30 3.80 2.37 2.69 3.08 3.86 2.30 2.10 4.14 3.17 2.00 2.28 9.99 2.21 2.76 2.48 2.77 3.20 2.62 2.15 2.11
 23 2.68 3.07 3.27 2.79 3.00 4.08 4.27 3.25 4.14 3.76 3.03 2.96 3.96 3.08 3.18 3.54 3.85 3.04 3.35 3.82 3.06 2.21 9.99 3.76 4.30 5.75 4.49 2.94 4.58 3.30
 24 3.44 2.55 4.41 3.25 3.90 2.87 5.90 5.97 4.42 2.90 3.46 2.66 4.21 3.62 2.44 4.13 4.56 2.92 5.13 2.83 2.90 2.76 3.76 9.99 2.82 4.34 2.13 2.59 3.07 2.70
 25 4.27 5.68 4.54 4.07 4.17 3.21 2.77 3.34 4.31 6.96 3.15 2.92 4.48 4.82 5.49 5.07 4.34 5.13 4.79 5.34 4.39 2.48 4.30 2.82 9.99 5.69 5.23 3.75 3.92 5.49
 26 2.83 6.08 3.70 3.69 3.08 4.48 3.51 4.07 4.32 4.42 2.92 3.92 5.23 5.44 4.08 4.42 5.39 3.80 3.61 4.20 4.69 2.77 5.75 4.34 5.69 9.99 4.48 2.61 3.94 5.11
 27 3.37 4.62 3.21 3.96 4.31 4.01 2.96 2.70 3.01 4.94 3.34 3.45 3.28 4.00 7.20 3.15 3.06 5.59 3.87 4.00 3.03 3.20 4.49 2.13 5.23 4.48 9.99 5.61 2.45 3.17
 28 4.93 3.77 3.72 3.20 4.24 3.70 3.37 2.49 2.10 3.73 4.56 4.42 2.59 3.72 6.38 2.92 2.83 4.90 5.11 3.58 3.21 2.62 2.94 2.59 3.75 2.61 5.61 9.99 1.86 2.89
 29 2.39 3.37 2.66 2.28 2.63 2.45 2.68 2.97 5.48 3.85 2.31 2.10 3.23 2.86 2.56 3.54 4.04 2.52 2.68 2.65 3.03 2.15 4.58 3.07 3.92 3.94 2.45 1.86 9.99 2.76
 30 4.80 6.55 3.69 4.99 2.69 5.51 2.69 3.20 2.24 5.56 4.90 5.27 4.65 5.32 2.83 4.42 3.77 3.90 3.97 5.83 6.68 2.11 3.30 2.70 5.49 5.11 3.17 2.89 2.76 9.99

